20200318
20200319
20200320
20200321
20200322
20200323
20200324
20200325
20200326
20200327
20200328
20200329
20200330
20200331
20200401
20200402
20200403
20200404
20200405
20200406
20200407
20200408
20200409
20200410
20200411
20200412
20200413
20200414
20200415
20200416
20200417
20200418
20200419
20200420
20200421
20200422
20200423
20200424
20200425
20200426
20200427
20200428
20200429
20200430
20200501
20200502
20200503
20200504
20200505
20200506
20200507
20200508
20200509
20200510
20200511
20200512
20200513
20200514
20200515
20200516
20200517
20200518
